54 ZooZoo Videos Updated till Date!!!
Enjoy!!!
Please Seed!!! :)

00     00    000    00000000  00     00    000    00     00 
000   000   00 00   00     00 000   000   00 00    00   00  
0000 0000  00   00  00     00 0000 0000  00   00    00 00   
00 000 00 00     00 00     00 00 000 00 00     00    000    
00     00 000000000 00     00 00     00 000000000   00 00   
00     00 00     00 00     00 00     00 00     00  00   00  
00     00 00     00 00000000  00     00 00     00 00     00