Here the crack for Hypercam 2
just open Hypercam 2 and highlight this:

PD:{HyperCam 2}
LO:{Maria Pavon}
SN:{cb-5655824}
NC:{1}
LD:{2009.04.25}
KI:{HPHS-0}
FS:{1}
KD:{100
048 098 002 001 003 128 020 088
020 218 217 142 101 237 160 167
138 156 046 095 153 097 206 124
115 001 129 048 009 006 005 043
014 003 002 026 005 000 048 011
006 007 042 134 072 206 056 004
001 005 000 004 047 048 045 002
020 073 139 219 144 188 090 236
193 251 044 103 226 027 123 198
144 043 034 233 009 002 021 000
151 051 210 000 048 226 221 023
243 029 072 039 244 178 235 089
219 096 173 004
EK:}

--SgtKenneth--